1000, 20, 20, 20, 20, 20
2000, 20, 20, 20, 20, 20
3000, 20, 20, 20, 20, 20
4000, 20, 20, 20, 20, 20
5000, 20, 20, 20, 20, 20
6000, 20, 20, 20, 20, 20
7000, 20, 20, 20, 20, 20
8000, 20, 20, 20, 20, 20
9000, 30, 30, 30, 30, 30
10000, 30, 30, 30, 30, 30
11000, 30, 30, 30, 30, 30
12000, 30, 30, 30, 30, 30
13000, 30, 30, 30, 30, 30
14000, 30, 30, 30, 30, 30
1000, \n\n\n\n\n
2000, \n\n\n\n\n
3000, \n\n\n\n\n
4000, \n\n\n\n\n
5000, \n\n\n\n\n
6000, \n\n\n\n\n
7000, \n\n\n\n\n
1000, 3, 3, 3, 3, 3
2000, 3, 3, 3, 3, 3
3000, 3, 3, 3, 3, 3
1000, \a\a\a\a\a
2000, \a\a\a\a\a
3000, \a\a\a\a\a
4000, \a\a\a\a\a
5000, \a\a\a\a\a
6000, \a\a\a\a\a
7000, \a\a\a\a\a
8000, \a\a\a\a\a
9000, \a\a\a\a\a
10000, \a\a\a\a\a
11000, \a\a\a\a\a
12000, \a\a\a\a\a
13000, \a\a\a\a\a
14000, \a\a\a\a\a
15000, \a\a\a\a\a
16000, \a\a\a\a\a
17000, \a\a\a\a\a
18000, \a\a\a\a\a
19000, \a\a\a\a\a
20000, \a\a\a\a\a
21000, \a\a\a\a\a
22000, \a\a\a\a\a
23000, \a\a\a\a\a
24000, \a\a\a\a\a
25000, \a\a\a\a\a
26000, \a\a\a\a\a
27000, \a\a\a\a\a
28000, \a\a\a\a\a
29000, \a\a\a\a\a
30000, \a\a\a\a\a
1000, 17, 17, 17, 17, 17
2000, 17, 17, 17, 17, 17
